   1.5550315e+01
   1.4566827e+01
   1.2968502e+01
   1.1305441e+01
   1.0670745e+01
   1.1081300e+01
   1.1339761e+01
   1.0609408e+01
   8.9623480e+00
   7.0773896e+00
   5.6990427e+00
   5.0131461e+00
   4.6368016e+00
   4.3375509e+00
   4.2118846e+00
   4.2981348e+00
   4.4112505e+00
   4.3556404e+00
   4.0709297e+00
   3.6037967e+00
   3.0361368e+00
   2.4396466e+00
   1.8661275e+00
   1.3577507e+00
   9.5581975e-01
   6.9112807e-01
   5.5661681e-01
   5.0896166e-01
   5.0474614e-01
   4.9120263e-01
   4.0492219e-01
   3.3713276e-01
   2.7837238e-01
   2.3029667e-01
   1.9299110e-01
   1.6486245e-01
   1.4326884e-01
   1.2534256e-01
   1.0867921e-01
   9.1859235e-02
   7.4680652e-02
   5.7956389e-02
   4.2960991e-02
   3.0802925e-02
   2.1982826e-02
   1.6261032e-02
   1.2853298e-02
   1.0857584e-02
   9.5963755e-03
   8.6706069e-03
   7.8686744e-03
   7.0784678e-03
   6.2323186e-03
   5.2893795e-03
   4.2508815e-03
   3.1827129e-03
   2.2118527e-03
   1.4782939e-03
   1.0510720e-03
   8.7184161e-04
   7.9326166e-04
   6.0004873e-04
   4.5114733e-04
   3.2401938e-04
   2.2126988e-04
   1.4700806e-04
   1.0224299e-04
   8.0584988e-05
   7.1380558e-05
   6.7928414e-05
   6.6708407e-05
   6.4153641e-05
   5.7744339e-05
   4.7346216e-05
   3.4748282e-05
   2.2445772e-05
   1.2777096e-05
   7.9425684e-06
   8.0154439e-06
   9.0221348e-06
   9.1065488e-06
   8.2000454e-06
   6.6223728e-06
   4.8010027e-06
   3.2092735e-06
   2.2248464e-06
   1.8412185e-06
   1.7783629e-06
   1.8827136e-06
   1.9202203e-06
   1.6551418e-06
   1.2020650e-06
   1.0260931e-06
   8.7806210e-07
   7.7926729e-07
   7.1717411e-07
   6.7752338e-07
   6.4509212e-07
   6.0492140e-07
   5.4718967e-07
   4.7098793e-07
   3.8355758e-07
   2.9611246e-07
   2.1905153e-07
   1.5869593e-07
   1.1631400e-07
   8.9129363e-08
   7.2527305e-08
   6.2260103e-08
   5.5449583e-08
   5.0393137e-08
   4.6020407e-08
   4.1545569e-08
   3.6432188e-08
   3.0558809e-08
   2.4344567e-08
   1.8616670e-08
   1.4182688e-08
   1.1339018e-08
   9.7330367e-09
   8.6170788e-09
   7.2020209e-09
   5.2923643e-09
   4.0128762e-09
   2.9009678e-09
   2.0483923e-09
   1.4676316e-09
   1.1225846e-09
   9.3873489e-10
   8.4300588e-10
   7.8516668e-10
   7.3132832e-10
   6.6092712e-10
   5.6880117e-10
   4.6233047e-10
   3.5425780e-10
   2.5605854e-10
   1.7458492e-10
   1.1201014e-10
   6.7507280e-11
   3.8982502e-11
   2.3691580e-11
   1.7438332e-11
   1.5481404e-11
   1.5027460e-11
   1.4110665e-11
   1.1409593e-11
   7.4000383e-12
   4.6161354e-12
   4.4673853e-12
   4.0271693e-12
   3.3795329e-12
   3.6074844e-12
   3.0481669e-12
   2.7530681e-12
   2.2609768e-12
   1.8394142e-12
   1.7311005e-12
   1.8651525e-12
   1.9737824e-12
   1.9172127e-12
   1.6958812e-12
   1.3815980e-12
   1.0502107e-12
   7.5988961e-13
   5.4004534e-13
   3.9325244e-13
   2.9928435e-13
   2.4451933e-13
   2.1185192e-13
   1.9004118e-13
   1.7384701e-13
   1.5901562e-13
   1.3915870e-13
   1.1560916e-13
   8.7872900e-14
   6.2249083e-14
   4.5348657e-14
   3.6172709e-14
   3.1413417e-14
   3.0615976e-14
   2.6675007e-14
   2.2500350e-14
   2.2525873e-14
   2.5971838e-14
   2.9548496e-14
   3.2061069e-14
   3.5450537e-14
   3.6819999e-14
   3.7716636e-14
   3.7790235e-14
   3.7715387e-14
   3.9689993e-14
   4.0672463e-14
   3.9933459e-14
   4.1979081e-14
   4.1347336e-14
   4.2281274e-14
   4.3186242e-14
   4.4896979e-14
   4.4135175e-14
   4.4654680e-14
   4.4658663e-14
   4.5800958e-14
   4.5911265e-14
   4.5935641e-14
   4.5861186e-14
   4.5478053e-14
   4.5506995e-14
   4.5399269e-14
   4.4364275e-14
   4.4578431e-14
   4.4884847e-14
   4.5022378e-14
   4.5062239e-14
   4.5168995e-14
   4.5377883e-14
   4.4100511e-14
   4.5163315e-14
   4.5467094e-14
   4.6002675e-14
   4.5941433e-14
   4.6147269e-14
   4.6719457e-14
   4.6052920e-14
   4.5348018e-14
   4.6359576e-14
   4.6818025e-14
   4.6626387e-14
   4.7525542e-14
   4.6928141e-14
   4.6481187e-14
   4.5392029e-14
   4.5134052e-14
   4.5042198e-14
   4.5976728e-14
   4.6082987e-14
   4.4761737e-14
   4.5926634e-14
   4.4159027e-14
   4.4904391e-14
   4.4908457e-14
   4.4082209e-14
   4.5826149e-14
   4.5851980e-14
   4.6412406e-14
   4.5176874e-14
   4.4611718e-14
   4.5666842e-14
   4.5578765e-14
   4.4698640e-14
   4.6085877e-14
   4.6223263e-14
   4.4981772e-14
   4.4972089e-14
   4.4401238e-14
   4.5517608e-14
   4.5211662e-14
   4.5091547e-14
   4.6145316e-14
   4.5743742e-14
   4.5547925e-14
   4.5192574e-14
   4.4955759e-14
   4.4928881e-14
   4.5852272e-14
   4.5623634e-14
   4.5628178e-14
   4.5601788e-14
   4.5220386e-14
   4.5223539e-14
   4.5135145e-14
   4.4061513e-14
   4.4256529e-14
   4.4560732e-14
   4.4564604e-14
   4.4796128e-14
   4.4890338e-14
   4.4979762e-14
   4.4277934e-14
   4.4351677e-14
   4.4394455e-14
   4.4439966e-14
   4.4480997e-14
   4.4575113e-14
   4.3950465e-14
   4.4081836e-14
   4.4424223e-14
   4.4367238e-14
   4.4534169e-14
   4.4542472e-14
   4.3851636e-14
   4.3958633e-14
   4.5097562e-14
   4.4744816e-14
   4.4996201e-14
   4.5959567e-14
   4.4481499e-14
   4.5134485e-14
   4.5638668e-14
   4.4234057e-14
   4.4289937e-14
   4.5072410e-14
   4.4824277e-14
   4.4791931e-14
   4.4705559e-14
   4.3434339e-14
   4.3488979e-14
   4.4187846e-14
   4.4233804e-14
   4.4576565e-14
   4.4613257e-14
   4.5463525e-14
   4.4318130e-14
   4.4896379e-14
   4.4817241e-14
   4.4660871e-14
   4.5448882e-14
   4.5578648e-14
   4.5206755e-14
   4.4930527e-14
   4.4659215e-14
   4.5294032e-14
   4.5237282e-14
   4.5199548e-14
   4.5063972e-14
   4.4750202e-14
   4.4484876e-14
   4.4488201e-14
   4.3296770e-14
   4.3333383e-14
   4.3555251e-14
   4.3677334e-14
   4.4037424e-14
   4.4239815e-14
   4.4423876e-14
   4.3610365e-14
   4.3738248e-14
   4.3808644e-14
   4.4652910e-14
   4.4421221e-14
   4.4710403e-14
   4.5009348e-14
   4.4856396e-14
   4.6336071e-14
   4.6283689e-14
   4.5372873e-14
   4.6297852e-14
   4.6079558e-14
   4.7030684e-14
   4.7153703e-14
   4.6138611e-14
   4.7098572e-14
   4.7468336e-14
   4.6062805e-14
   4.7229766e-14
   4.5733695e-14
   4.7828040e-14
   4.6567266e-14
   4.5190230e-14
   4.6585355e-14
   4.5496058e-14
   4.4198994e-14
   4.3878752e-14
   4.6031091e-14
   4.6503167e-14
   4.6240949e-14
   4.6642378e-14
   4.5428944e-14
   4.5103026e-14
   4.4984264e-14
   4.5235758e-14
   4.6074450e-14
   4.6423980e-14
   4.6115607e-14
   4.5296889e-14
   4.5517490e-14
   4.4910222e-14
   4.6077420e-14
   4.4894815e-14
   4.5766497e-14
   4.6530724e-14
   4.6468873e-14
   4.6099768e-14
   4.6348092e-14
   4.5091794e-14
   4.5907816e-14
   4.4979032e-14
   4.5944652e-14
   4.6251721e-14
   4.5278256e-14
   4.6309995e-14
   4.5275659e-14
   4.5589464e-14
   4.4543395e-14
   4.4679516e-14
   4.6377586e-14
   4.5427191e-14
   4.4906928e-14
   4.4801955e-14
