  -3.0000000e-02
  -3.0000000e-02
  -2.5000000e-02
  -2.5000000e-02
  -3.0000000e-02
  -3.0000000e-02
  -3.0000000e-02
  -3.0000000e-02
  -3.0000000e-02
  -2.5000000e-02
  -3.0000000e-02
  -3.5000000e-02
  -3.0000000e-02
  -3.0000000e-02
  -2.5000000e-02
  -2.5000000e-02
  -3.0000000e-02
  -3.0000000e-02
  -2.5000000e-02
  -2.5000000e-02
  -3.0000000e-02
  -3.0000000e-02
  -3.0000000e-02
  -3.0000000e-02
  -3.0000000e-02
  -3.0000000e-02
  -2.5000000e-02
  -2.5000000e-02
  -3.5000000e-02
  -3.0000000e-02
  -2.5000000e-02
  -3.0000000e-02
  -2.5000000e-02
  -3.0000000e-02
  -3.0000000e-02
  -2.5000000e-02
  -3.5000000e-02
  -3.0000000e-02
  -2.5000000e-02
  -3.0000000e-02
  -3.0000000e-02
