   0.0000000e+00
  -4.0815586e-03
  -8.2032835e-03
  -1.2406001e-02
  -1.6729871e-02
  -2.1216952e-02
  -2.5911546e-02
  -3.0860195e-02
  -3.6112494e-02
  -4.1720270e-02
  -4.7735640e-02
  -5.4216304e-02
  -6.1225804e-02
  -6.8833530e-02
  -7.7114714e-02
  -8.6150431e-02
  -9.6029440e-02
  -1.0684937e-01
  -1.1870926e-01
  -1.3172038e-01
  -1.4600704e-01
  -1.6170660e-01
  -1.7896949e-01
  -1.9795915e-01
  -2.1885211e-01
  -2.4183794e-01
  -2.6710828e-01
  -2.9488870e-01
  -3.2544444e-01
  -3.5904270e-01
  -3.9595238e-01
  -4.3644412e-01
  -4.8079027e-01
  -5.2926488e-01
  -5.8214373e-01
  -6.3970432e-01
  -7.0222369e-01
  -7.6956749e-01
  -8.4195928e-01
  -9.1977380e-01
  -1.0030322e+00
  -1.0914021e+00
  -1.1841975e+00
  -1.2803787e+00
  -1.3785526e+00
  -1.4769724e+00
  -1.5735377e+00
  -1.6658181e+00
  -1.7517798e+00
  -1.8281282e+00
  -1.8915103e+00
  -1.9393015e+00
  -1.9696052e+00
  -1.9812531e+00
  -1.9738049e+00
  -1.9475487e+00
  -1.9035307e+00
  -1.8438802e+00
  -1.7712032e+00
  -1.6880890e+00
  -1.5971081e+00
  -1.5008124e+00
  -1.4017352e+00
  -1.3023907e+00
  -1.2052748e+00
  -1.1121969e+00
  -1.0231509e+00
  -9.3865638e-01
  -8.5911797e-01
  -7.8478019e-01
  -7.1572729e-01
  -6.5188327e-01
  -5.9301320e-01
  -5.3884562e-01
  -4.8913652e-01
  -4.4361536e-01
  -4.0200641e-01
  -3.6402881e-01
  -3.2939652e-01
  -2.9781833e-01
  -2.6899789e-01
  -2.4266246e-01
  -2.1861052e-01
  -1.9664942e-01
  -1.7659183e-01
  -1.5825573e-01
  -1.4146443e-01
  -1.2604657e-01
  -1.1183612e-01
  -9.8682447e-02
  -8.6478121e-02
  -7.5118460e-02
  -6.4500066e-02
  -5.4521327e-02
  -4.5082420e-02
  -3.6085308e-02
  -2.7433741e-02
  -1.9037560e-02
  -1.0823294e-02
  -2.7167796e-03
   5.3586266e-03
   1.3481929e-02
   2.1734497e-02
   3.0200059e-02
   3.8964706e-02
   4.8114631e-02
   5.7734664e-02
   6.7915982e-02
   7.8757296e-02
   9.0364857e-02
   1.0285246e-01
   1.1634147e-01
   1.3096488e-01
   1.4685928e-01
   1.6417092e-01
   1.8306115e-01
   2.0370650e-01
   2.2629860e-01
   2.5104424e-01
   2.7816533e-01
   3.0789879e-01
   3.4046101e-01
   3.7613992e-01
   4.1526285e-01
   4.5813685e-01
   5.0504862e-01
   5.5626460e-01
   6.1203090e-01
   6.7257331e-01
   7.3809735e-01
   8.0878818e-01
   8.8464505e-01
   9.6533726e-01
   1.0509453e+00
   1.1411989e+00
   1.2354175e+00
   1.3325098e+00
   1.4309742e+00
   1.5288983e+00
   1.6239595e+00
   1.7134245e+00
   1.7941494e+00
   1.8634990e+00
   1.9189103e+00
   1.9576873e+00
   1.9780394e+00
   1.9790811e+00
   1.9608319e+00
   1.9242164e+00
   1.8710460e+00
   1.8035861e+00
   1.7246029e+00
   1.6368939e+00
   1.5431105e+00
   1.4457583e+00
   1.3471972e+00
   1.2496409e+00
   1.1550292e+00
   1.0641428e+00
   9.7756823e-01
   8.9579547e-01
   8.1915053e-01
   7.4779547e-01
   6.8172837e-01
   6.2078335e-01
   5.6466809e-01
   5.1314808e-01
   4.6596162e-01
   4.2283702e-01
   3.8349780e-01
   3.4766269e-01
   3.1504564e-01
   2.8535580e-01
   2.5830299e-01
   2.3366145e-01
   2.1124161e-01
   1.9085825e-01
   1.7233203e-01
   1.5548949e-01
   1.4016309e-01
   1.2619118e-01
   1.1341922e-01
   1.0173047e-01
   9.1030472e-02
   8.1225056e-02
   7.2223068e-02
   6.3936360e-02
   5.6279792e-02
   4.9171232e-02
   4.2532100e-02
   3.6300160e-02
   3.0422740e-02
   2.4846517e-02
   1.9518414e-02
   1.4385594e-02
   9.3954633e-03
   4.4956700e-03
  -3.6546429e-04
  -5.2335674e-03
  -1.0152621e-02
  -1.5169168e-02
  -2.0332191e-02
  -2.5693111e-02
  -3.1305788e-02
  -3.7226519e-02
  -4.3514742e-02
  -5.0229862e-02
  -5.7434831e-02
  -6.5199278e-02
  -7.3599509e-02
  -8.2718504e-02
  -9.2645920e-02
  -1.0347811e-01
  -1.1532290e-01
  -1.2829187e-01
  -1.4250456e-01
  -1.5809476e-01
  -1.7521049e-01
  -1.9401401e-01
  -2.1468185e-01
  -2.3740475e-01
  -2.6238772e-01
  -2.8984509e-01
  -3.1998480e-01
  -3.5309836e-01
  -3.8948512e-01
  -4.2943449e-01
  -4.7322594e-01
  -5.2112901e-01
  -5.7340325e-01
  -6.3029832e-01
  -6.9205390e-01
  -7.5889972e-01
  -8.3089463e-01
  -9.0776940e-01
  -9.8978108e-01
  -1.0768636e+00
  -1.1685500e+00
  -1.2639722e+00
  -1.3618612e+00
  -1.4605468e+00
  -1.5579582e+00
  -1.6516232e+00
  -1.7386688e+00
  -1.8163727e+00
  -1.8821969e+00
  -1.9330153e+00
  -1.9665293e+00
  -1.9813013e+00
  -1.9767539e+00
  -1.9531704e+00
  -1.9116943e+00
  -1.8541999e+00
  -1.7831860e+00
  -1.7014415e+00
  -1.6116617e+00
  -1.5164455e+00
  -1.4182951e+00
  -1.3196160e+00
  -1.2227171e+00
  -1.1291826e+00
  -1.0395004e+00
  -9.5429573e-01
  -8.7402314e-01
  -7.9896547e-01
  -7.2923362e-01
  -6.6476652e-01
  -6.0533376e-01
  -5.5067881e-01
  -5.0056526e-01
  -4.5472712e-01
  -4.1289259e-01
  -3.7478398e-01
  -3.4011778e-01
  -3.0860462e-01
  -2.7994925e-01
  -2.5388366e-01
  -2.3021092e-01
  -2.0874266e-01
  -1.8929680e-01
  -1.7169756e-01
  -1.5577545e-01
  -1.4136728e-01
  -1.2831618e-01
  -1.1648346e-01
  -1.0577565e-01
  -9.6102365e-02
  -8.7376756e-02
  -7.9515927e-02
  -7.2440941e-02
  -6.6076815e-02
  -6.0352519e-02
  -5.5205886e-02
  -5.0595465e-02
  -4.6482011e-02
  -4.2828296e-02
  -3.9599302e-02
  -3.6762223e-02
  -3.4286462e-02
  -3.2143633e-02
  -3.0309988e-02
  -2.8771568e-02
  -2.7515793e-02
  -2.6531722e-02
  -2.5810124e-02
  -2.5343487e-02
  -2.5126011e-02
  -2.5153611e-02
  -2.5425086e-02
  -2.5944930e-02
  -2.6719102e-02
  -2.7755848e-02
  -2.9065787e-02
  -3.0661917e-02
  -3.2559612e-02
  -3.4776626e-02
  -3.7333251e-02
  -4.0256127e-02
  -4.3572904e-02
  -4.7314673e-02
  -5.1518013e-02
  -5.6224993e-02
  -6.1483167e-02
  -6.7345580e-02
  -7.3870763e-02
  -8.1122739e-02
  -8.9171015e-02
  -9.8090589e-02
  -1.0796260e-01
  -1.1888982e-01
  -1.3097592e-01
  -1.4433189e-01
  -1.5908351e-01
  -1.7537128e-01
  -1.9335048e-01
  -2.1319117e-01
  -2.3507815e-01
  -2.5921099e-01
  -2.8580400e-01
  -3.1508630e-01
  -3.4730172e-01
  -3.8270756e-01
  -4.2142173e-01
  -4.6379986e-01
  -5.1031502e-01
  -5.6135226e-01
  -6.1720871e-01
  -6.7809353e-01
  -7.4412791e-01
  -8.1534507e-01
  -8.9169029e-01
  -9.7302088e-01
  -1.0591062e+00
  -1.1496276e+00
  -1.2441451e+00
  -1.3412853e+00
  -1.4391478e+00
  -1.5357091e+00
  -1.6288228e+00
  -1.7162199e+00
  -1.7955081e+00
  -1.8641724e+00
  -1.9195750e+00
  -1.9589551e+00
  -1.9794289e+00
  -1.9797202e+00
  -1.9608870e+00
  -1.9238330e+00
  -1.8700745e+00
  -1.8017405e+00
  -1.7215728e+00
  -1.6329258e+00
  -1.5390123e+00
  -1.4419890e+00
  -1.3440788e+00
  -1.2471527e+00
  -1.1527266e+00
  -1.0619608e+00
  -9.7566042e-01
  -8.9433356e-01
  -8.1821435e-01
  -7.4731483e-01
  -6.8159000e-01
  -6.2093990e-01
  -5.6520963e-01
  -5.1418934e-01
  -4.6761425e-01
  -4.2516462e-01
  -3.8646783e-01
  -3.5120785e-01
  -3.1915879e-01
  -2.9009444e-01
  -2.6379254e-01
  -2.4003482e-01
  -2.1860699e-01
  -1.9929874e-01
  -1.8190374e-01
  -1.6622008e-01
  -1.5210543e-01
  -1.3946201e-01
  -1.2818271e-01
  -1.1816616e-01
  -1.0931674e-01
  -1.0154454e-01
  -9.4765412e-02
  -8.8900969e-02
  -8.3892055e-02
  -7.9701603e-02
  -7.6294862e-02
  -7.3641805e-02
  -7.1717128e-02
  -7.0500252e-02
  -6.9975324e-02
  -7.0131211e-02
  -7.0967786e-02
  -7.2498372e-02
  -7.4740076e-02
  -7.7716490e-02
  -8.1457682e-02
  -8.6000204e-02
  -9.1387088e-02
  -9.7667847e-02
  -1.0489992e-01
  -1.1315653e-01
  -1.2251560e-01
  -1.3306657e-01
  -1.4491200e-01
  -1.5816756e-01
  -1.7296206e-01
  -1.8943739e-01
  -2.0774859e-01
  -2.2806378e-01
  -2.5056423e-01
  -2.7544431e-01
  -3.0288746e-01
  -3.3306421e-01
  -3.6632612e-01
  -4.0301750e-01
  -4.4345450e-01
  -4.8792511e-01
  -5.3668914e-01
  -5.8997825e-01
  -6.4799592e-01
  -7.1091749e-01
  -7.7889012e-01
  -8.5203279e-01
  -9.3043633e-01
  -1.0139271e+00
  -1.1018680e+00
  -1.1938128e+00
  -1.2889613e+00
  -1.3861355e+00
  -1.4837799e+00
  -1.5799609e+00
  -1.6723674e+00
  -1.7583105e+00
  -1.8347234e+00
  -1.8981617e+00
  -1.9451530e+00
  -1.9745352e+00
  -1.9850859e+00
  -1.9762129e+00
  -1.9482404e+00
  -1.9024091e+00
  -1.8408763e+00
  -1.7666511e+00
  -1.6824830e+00
  -1.5911731e+00
  -1.4954123e+00
  -1.3975893e+00
  -1.2997898e+00
  -1.2037973e+00
  -1.1110905e+00
  -1.0226401e+00
  -9.3890607e-01
  -8.6021162e-01
  -7.8676051e-01
  -7.1863708e-01
  -6.5580626e-01
  -5.9811353e-01
  -5.4528496e-01
  -4.9695959e-01
  -4.5286399e-01
  -4.1275862e-01
  -3.7640186e-01
  -3.4355060e-01
  -3.1396024e-01
  -2.8738470e-01
  -2.6357639e-01
  -2.4228622e-01
  -2.2326365e-01
  -2.0630297e-01
  -1.9132004e-01
  -1.7819713e-01
  -1.6682222e-01
  -1.5709162e-01
  -1.4890990e-01
  -1.4218997e-01
  -1.3685303e-01
  -1.3283430e-01
